4.19
1.46
4.62
3.4
0.82
1.02
0.65
4.62
1.74
1.13
4.61
1.59
3.42
1.63
0.16
2.79
0.36
3.86
4.06
4.51
4.65
0.37
1.14
1.51
0.32
2.0
4.54
4.59
1.73
4.51
1.15
3.27
3.73
0.98
2.21
4.66
3.21
4.19
3.1
3.92
3.49
4.77
1.18
0.29
2.52
1.59
1.74
3.25
1.96
2.84
4.4
4.63
2.35
4.55
2.56
2.43
3.57
1.09
3.22
0.41
0.74
4.22
1.77
3.09
3.71
4.25
1.25
4.39
3.99
4.93
1.39
0.78
4.03
0.75
3.03
3.12
2.99
0.1
3.21
2.28
1.55
2.46
4.71
4.25
0.22
4.22
4.39
4.85
3.6
4.76
1.99
3.48
3.07
0.23
1.65
1.94
4.97
4.22
4.1
2.66
0.31
0.22
4.67
3.24
1.31
2.27
4.73
1.33
2.97
3.3
4.62
3.42
0.5
3.48
1.75
3.62
1.8
0.43
0.33
1.67
0.81
4.51
2.32
2.43
4.68
0.87
0.99
0.37
0.45
4.08
0.91
0.25
4.34
2.99
3.39
3.42
2.22
2.88
3.88
1.77
2.01
1.82
0.79
4.45
4.82
3.68
4.27
3.45
2.63
3.84
2.8
0.64
0.89
4.63
1.08
0.31
4.41
0.18
2.84
0.65
2.61
2.56
4.41
2.85
1.04
0.57
2.08
3.0
0.97
4.28
4.19
2.39
4.72
2.59
0.47
0.6
4.26
0.8
0.15
2.52
2.72
0.36
4.95
3.18
2.65
1.31
2.18
2.99
3.81
1.27
1.61
4.83
2.44
4.33
2.82
2.62
2.4
4.6
2.55
2.85
1.65
1.48
1.54
1.94
2.34
4.71
4.75
1.24
1.2
3.83
1.57
4.56
4.48
1.2
4.6
1.89
0.11
0.14
0.43
4.51
4.84
2.32
0.62
0.66
2.56
0.48
0.5
4.09
3.9
4.87
3.44
1.67
4.83
2.07
0.59
3.39
0.44
0.54
1.75
0.72
0.65
2.91
2.76
0.77
3.0
2.86
1.99
0.44
1.73
2.35
0.72
2.66
0.55
3.6
3.64
0.1
0.21
1.31
2.06
3.45
1.63
0.06
4.09
3.93
2.49
0.36
4.76
1.2
3.82
2.73
2.95
3.53
4.45
4.79
2.0
0.32
2.41
0.73
3.62
3.44
0.25
4.77
4.27
0.97
4.18
4.36
4.61
4.65
0.88
2.39
2.22
0.98
2.1
1.87
1.5
1.22
3.6
0.72
1.58
4.75
3.79
1.67
4.02
2.33
2.12
1.21
0.52
1.33
0.22
2.13
2.08
4.85
3.52
0.69
0.03
1.3
2.14
4.58
2.52
0.09
1.63
4.86
1.73
2.8
1.43
0.81
2.32
2.97
1.55
1.38
0.04
3.11
1.13
2.05
1.6
1.38
3.97
3.23
2.4
4.59
2.88
3.39
0.06
2.92
4.37
1.03
1.34
4.47
1.43
3.68
4.79
4.94
2.2
4.36
1.39
3.35
3.01
0.85
0.33
1.39
4.6
3.23
1.75
3.0
4.9
0.87
4.62
3.58
2.2
3.4
3.43
4.56
0.61
0.4
3.78
0.68
3.33
3.13
3.2
3.87
4.71
1.73
2.31
4.25
1.46
3.88
4.99
3.27
2.57
1.63
3.38
3.99
1.65
0.12
4.72
4.53
1.9
4.62
3.84
2.44
3.17
2.92
4.92
2.94
2.17
3.14
2.94
3.63
4.18
3.48
2.86
1.09
1.06
4.44
0.54
0.88
1.19
0.97
1.12
0.76
1.62
2.63
4.48
0.3
2.31
4.47
4.21
0.25
2.17
2.15
2.17
2.68
3.05
4.51
3.5
4.15
4.59
0.4
0.1
2.41
0.53
4.82
2.89
4.34
0.02
1.13
3.94
0.96
1.48
0.4
0.63
2.99
0.13
0.62
0.87
0.1
1.6
0.39
2.98
2.1
0.73
4.14
4.09
0.4
2.8
1.46
4.27
2.94
2.14
1.93
0.29
1.81
0.8
1.21
3.7
1.23
3.46
1.83
0.0
0.4
0.81
3.75
1.88
0.19
2.27
2.76
2.67
1.86
0.4
2.59
0.79
4.21
3.74
0.89
2.96
4.03
1.59
0.87
2.17
4.04
0.0
1.48
2.42
2.29
2.98
1.75
2.32
0.1
2.26
4.54
1.95
2.81
4.09
0.25
1.75
0.23
0.63
3.12
3.19
2.7
1.86
2.58
0.7
1.82
4.91
1.57
0.32
3.87
4.93
2.49
4.31
2.49
2.12
0.1
0.15
3.25
1.95
0.3
0.5
0.46
3.86
2.12
1.44
2.48
4.29
2.3
4.04
2.22
3.61
1.61
3.68
3.01
3.29
4.77
4.15
1.88
2.76
0.75
0.35
4.51
4.41
1.84
2.27
2.44
0.89
2.28
1.48
0.25
3.1
4.52
3.43
4.87
0.79
1.06
0.73
3.09
3.46
2.75
0.08
2.66
3.92
1.08
4.48
0.87
4.34
1.43
0.44
1.86
3.81
0.82
4.41
4.93
4.26
0.61
2.81
0.37
1.05
4.47
3.64
4.82
4.61
4.11
3.66
4.11
4.68
1.76
4.88
4.41
3.46
4.3
0.67
2.43
0.24
0.66
0.16
4.06
4.45
3.06
2.01
4.51
3.32
2.62
2.47
0.57
1.84
3.93
1.98
4.42
0.2
4.98
4.89
1.64
0.73
2.8
1.55
3.18
0.02
4.99
2.26
3.13
0.66
0.78
3.32
0.64
1.64
0.35
4.36
1.73
3.71
0.78
3.88
1.96
2.38
2.59
3.15
3.19
2.38
4.44
4.22
0.07
4.2
1.79
1.4
2.16
2.8
1.3
0.61
4.53
2.5
3.9
1.8
2.1
4.14
3.82
1.22
1.87
1.27
1.61
4.11
0.04
2.59
3.78
2.7
2.67
1.57
4.45
2.56
0.46
4.28
1.82
0.04
1.36
3.67
2.41
2.97
1.73
2.56
0.4
0.29
0.34
2.65
3.12
4.13
1.54
0.9
1.47
1.61
1.15
1.13
4.22
1.08
4.12
1.24
3.27
4.74
4.27
1.55
0.69
0.45
4.53
2.73
4.22
2.94
3.05
4.89
0.11
1.45
2.72
3.62
4.71
3.03
0.55
0.34
2.19
3.84
0.62
1.85
0.07
2.26
1.43
0.98
4.6
3.13
0.72
3.7
4.06
1.72
1.81
3.66
2.01
2.24
4.39
3.07
4.89
1.35
0.57
0.3
3.12
3.97
3.38
2.18
4.21
4.62
3.65
2.65
2.0
3.05
1.33
4.94
1.0
1.86
2.01
3.91
2.51
1.87
1.29
0.4
3.39
3.1
0.17
2.71
1.81
0.92
0.13
0.21
4.44
4.25
1.0
1.44
0.36
3.27
4.61
2.99
2.02
4.87
2.66
3.84
1.7
3.44
1.37
2.72
1.44
4.75
3.88
4.69
4.41
2.97
4.42
3.31
4.37
3.13
0.66
1.97
2.68
2.12
1.22
4.4
3.25
1.89
1.95
4.19
2.81
0.93
1.99
0.88
1.76
2.97
3.58
0.89
2.94
0.89
3.91
3.02
3.75
2.31
0.09
0.25
2.47
2.83
3.64
0.9
0.51
3.05
1.17
3.28
4.23
4.26
4.56
3.33
0.36
3.62
0.55
3.35
0.73
0.71
0.26
0.8
4.44
1.58
4.89
1.04
3.68
3.08
1.19
2.97
0.33
0.16
3.04
3.63
3.72
1.34
0.4
4.66
1.49
4.64
2.65
0.89
0.73
3.31
0.75
0.85
3.89
0.16
2.55
1.06
1.14
4.47
3.94
3.81
2.17
3.87
1.19
2.58
0.93
3.4
3.89
3.5
3.4
4.2
1.44
3.91
3.97
1.48
3.22
4.6
3.88
3.78
1.22
0.5
2.6
4.37
4.23
4.25
3.28
3.5
4.91
0.36
3.86
1.23
4.76
2.28
1.46
2.23
0.58
4.26
4.74
1.01
3.64
3.87
3.69
1.09
0.72
0.23
4.88
4.93
2.26
4.25
3.35
2.41
4.03
0.36
3.35
1.44
0.47
4.61
2.04
3.87
0.54
1.9
3.62
2.54
3.25
0.51
1.26
4.86
3.88
0.73
1.83
2.78
0.69
0.42
3.58
0.06
3.92
0.31
4.04
0.69
2.12
2.62
4.92
3.91
2.03
3.63
3.67
4.53
1.82
2.5
0.23
4.28
0.72
1.99
1.25
4.09
3.56
1.14
4.84
2.57
2.25
1.81
1.86
0.9
4.44
3.75
3.54
0.69
0.79
3.67
2.82
2.81
3.63
4.32
2.36
2.84
2.61
3.85
3.66
2.8
1.24
3.79
3.03
2.64
0.84
3.88
4.01
2.47
1.96
2.86
0.43
0.12
4.94
0.97
3.39
3.58
1.79
3.91
3.45
0.81
1.65
0.19
0.83
4.97
2.35
4.14
0.25
0.27
1.16
4.17
3.92
3.36
0.81
3.55
2.6
3.77
3.16
0.11
4.53
2.9
3.97
4.96
1.79
1.82
2.5
1.32
2.04
0.67
1.87
1.04
1.9
1.54
2.46
3.24
2.76
0.2
4.07
3.01
4.41
4.66
1.74
4.08
4.71
2.37
4.32
2.47
3.05
0.53
2.62
1.49
1.21
0.56
1.1
1.62
3.77
4.22
2.15
3.4
1.91
4.15
4.88
3.93
1.94
3.23
4.18
0.55
1.46
1.55
1.74
4.88
0.61
0.27
3.28
3.88
0.29
4.46
3.03
3.0
2.93
1.98
3.94
4.02
2.98
1.42
0.36
0.02
0.69
4.57
4.87
2.45
0.26
4.5
1.27
2.15
0.41
2.11
2.15
4.07
4.23
2.78
4.92
0.47
0.44
2.42
1.24
3.06
0.87
2.6
1.57
4.52
4.93
3.93
0.34
2.0
1.44
4.13
3.7
1.07
1.44
3.88
2.33
2.22
3.25
2.73
3.73
2.45
1.93
2.79
0.55
4.25
3.17
1.55
1.31
4.63
4.63
1.91
0.11
0.93
1.0
2.94
0.29
2.82
2.26
0.55
3.06
0.48
1.91
2.83
4.29
1.07
0.62
2.76
0.78
3.84
2.16
3.69
4.39
3.06
3.02
2.38
3.58
1.93
1.84
4.29
3.2
1.55
1.52
0.76
1.67
1.22
2.32
1.5
4.18
2.72
0.92
1.62
1.36
0.54
3.56
4.87
2.51
0.16
1.17
1.21
2.64
0.63
1.35
2.93
1.18
0.32
3.04
2.27
4.79
4.84
1.57
2.95
2.65
0.73
1.27
3.51
3.35
3.38
4.99
3.78
4.1
1.41
4.37
1.37
1.26
1.67
0.5
0.92
2.45
4.99
1.68
0.46
2.12
1.6
3.11
2.55
1.3
2.41
4.23
4.1
1.04
2.96
2.37
0.23
4.47
0.44
2.15
4.78
3.03
2.32
4.36
0.48
3.18
0.67
3.64
0.28
3.93
2.27
0.04
1.68
3.04
3.02
1.51
0.87
4.05
4.23
1.04
2.19
4.29
0.94
0.03
1.28
4.91
0.62
1.68
1.7
0.78
4.25
4.14
0.68
0.54
1.57
4.15
1.87
0.46
1.31
3.02
1.13
2.58
4.1
0.65
1.06
0.92
1.12
1.37
3.54
2.12
3.26
4.89
1.52
2.84
4.04
2.16
1.45
1.93
2.07
0.03
3.66
2.03
3.12
4.19
0.74
0.1
3.16
4.14
0.88
3.13
0.24
4.93
4.54
1.25
1.22
1.18
4.25
1.81
3.48
2.11
2.54
1.25
2.7
1.15
3.93
4.45
0.34
1.83
2.1
2.47
2.56
1.14
2.48
0.82
3.8
3.54
2.35
1.34
1.74
1.2
2.6
4.05
4.82
1.3
0.95
0.21
0.08
3.51
1.01
3.91
3.13
0.32
4.42
4.39
4.97
0.51
2.92
4.09
0.74
4.82
4.16
4.48
2.74
0.28
0.38
3.02
0.4
0.34
2.71
1.55
0.66
1.06
3.44
0.47
1.78
2.87
2.31
4.65
0.46
0.57
1.56
1.48
0.84
0.6
3.51
1.84
4.31
1.03
2.24
0.58
4.4
2.25
4.37
0.47
3.43
0.89
4.39
2.99
1.93
1.66
3.42
3.36
3.25
2.75
1.26
2.34
1.65
0.49
4.73
0.55
2.2
4.1
1.2
3.87
2.99
1.35
1.34
0.47
0.26
0.63
1.4
2.83
2.85
3.27
4.13
3.85
2.9
3.49
3.71
3.53
1.77
4.13
2.81
2.54
4.75
3.71
1.34
1.94
4.66
0.33
0.75
3.49
1.82
3.44
4.45
1.72
0.35
1.97
0.36
1.68
0.67
2.05
2.78
4.9
4.9
2.35
0.08
3.15
2.95
0.87
4.21
2.95
2.11
3.19
3.77
0.68
3.78
0.47
1.84
4.71
2.2
1.53
1.38
4.94
4.73
0.59
4.06
4.65
4.1
0.19
0.29
3.35
0.89
2.63
3.34
2.9
0.51
1.29
0.69
4.43
3.88
4.78
2.94
4.56
0.08
0.0
4.0
0.28
4.11
3.82
1.16
4.9
1.77
0.33
1.3
3.02
4.74
4.39
2.75
1.45
3.9
1.27
2.99
2.31
2.87
1.57
1.83
3.45
3.62
1.93
4.73
3.69
0.44
3.63
1.34
3.82
2.1
0.33
3.62
4.92
4.0
4.66
0.75
1.05
2.34
1.28
3.35
2.3
3.01
4.01
2.29
3.39
2.05
4.46
0.7
0.47
0.75
1.96
2.92
4.44
3.56
4.13
2.58
2.01
4.34
4.61
4.74
2.8
1.08
1.36
1.44
2.03
0.22
3.18
3.81
3.44
4.39
2.21
0.6
2.64
2.8
4.93
4.64
0.76
1.92
0.12
4.55
1.92
1.27
4.22
3.62
2.06
0.49
2.19
2.74
1.91
4.38
3.26
2.74
1.64
0.28
4.77
1.71
2.53
1.87
0.12
2.88
0.2
4.46
4.21
1.17
1.87
4.31
3.25
0.74
4.35
1.98
4.84
3.32
0.91
3.6
1.21
1.61
1.94
3.26
1.42
0.68
0.58
4.25
2.19
1.55
1.52
3.38
3.9
3.12
1.02
1.84
1.48
2.2
3.28
3.09
2.11
1.09
2.67
3.4
4.92
2.13
1.57
1.69
2.2
2.37
4.63
4.81
4.93
1.58
2.28
2.05
3.35
2.07
0.36
0.66
3.09
3.22
2.46
1.17
1.88
3.1
4.75
3.78
2.95
3.34
3.41
4.15
3.02
4.67
4.49
2.52
4.33
3.75
4.85
2.78
4.61
4.66
3.31
1.49
2.62
3.23
2.35
2.47
2.86
2.97
1.45
4.65
3.15
2.51
4.79
4.74
4.28
2.62
2.61
0.88
3.99
2.81
2.12
1.23
0.08
4.78
2.49
1.41
1.62
3.37
1.5
2.12
4.97
4.91
3.6
2.95
0.49
0.67
2.65
0.71
1.45
2.45
0.43
0.69
0.59
2.17
0.03
0.01
1.03
4.83
2.76
0.17
3.6
3.67
2.42
3.33
0.86
3.37
0.37
1.63
1.23
4.82
1.43
4.34
3.29
1.97
2.91
3.76
1.8
4.32
3.67
0.01
3.81
4.75
0.71
1.17
1.2
4.0
0.78
0.35
2.92
2.31
3.22
3.6
4.84
3.4
0.41
4.23
1.81
0.54
2.19
3.57
2.59
3.01
4.4
4.61
3.73
4.78
3.62
3.15
3.46
0.2
0.24
1.85
2.54
4.29
3.7
2.18
4.98
0.68
3.99
1.71
1.01
4.97
2.28
3.11
3.21
4.46
2.26
4.88
1.43
3.13
0.44
3.84
0.03
2.36
3.13
3.98
0.42
4.43
2.72
0.96
1.4
3.63
1.66
1.6
2.79
0.11
1.88
3.9
3.44
3.76
2.68
1.71
3.85
1.59
4.74
4.34
2.92
3.71
3.68
4.58
4.92
2.69
1.3
3.99
1.12
2.99
1.76
4.2
2.53
4.05
2.77
2.06
2.38
2.42
0.03
4.07
2.78
1.65
3.04
1.82
3.2
3.42
3.76
1.66
3.29
0.21
4.76
1.4
0.27
0.35
0.81
4.42
1.4
3.04
3.18
1.27
3.05
4.16
3.19
2.53
1.56
0.18
1.65
1.52
1.56
3.14
4.7
0.92
3.07
3.95
1.8
4.24
2.8
3.06
0.91
1.15
1.55
3.75
1.73
3.44
2.31
1.45
4.98
1.95
2.86
4.1
1.1
3.07
1.44
4.47
0.06
3.43
1.18
4.82
1.97
0.42
1.48
1.98
3.39
4.63
2.07
1.93
2.22
0.43
0.14
0.62
2.52
0.76
2.91
0.76
3.94
3.91
3.88
3.79
0.6
2.13
4.2
0.18
3.82
4.56
0.67
0.19
0.36
2.58
0.65
3.83
4.06
2.52
0.18
1.45
3.07
4.75
2.63
3.42
3.65
2.21
3.34
3.53
3.56
2.32
1.09
2.78
3.5
0.31
2.36
4.5
1.99
2.5
2.55
3.54
4.7
0.38
1.46
2.83
0.95
1.39
4.63
4.89
0.66
2.22
1.71
4.09
3.72
1.3
4.24
0.17
0.24
0.11
0.44
3.95
0.36
4.19
2.49
4.27
3.76
2.05
2.27
2.92
4.37
2.07
1.92
1.22
2.35
0.09
2.2
2.87
1.69
3.94
3.22
2.4
4.47
0.93
2.56
3.19
2.9
1.53
1.58
4.24
1.93
2.56
3.56
4.26
0.11
2.27
4.68
2.25
3.22
2.85
0.94
0.96
3.05
4.93
4.74
4.69
2.98
0.53
0.6
0.63
3.3
1.27
0.69
1.13
0.51
2.28
4.79
2.03
1.57
1.68
2.72
0.14
2.33
1.29
2.41
2.06
4.06
3.59
2.06
3.45
0.62
0.66
1.53
1.94
0.39
1.89
1.98
0.64
4.82
3.04
1.5
3.95
3.71
3.65
1.41
4.33
0.56
3.76
0.95
2.04
3.67
1.91
2.27
4.96
4.11
4.22
4.01
0.91
0.87
3.92
0.02
0.32
1.38
0.79
4.38
0.8
0.84
4.12
4.97
1.68
2.33
0.0
0.37
1.27
2.33
2.68
3.83
2.82
3.75
2.64
2.76
1.74
3.15
2.08
4.95
4.6
3.05
0.18
0.35
0.84
0.33
4.04
3.94
1.14
3.92
4.25
0.86
3.32
0.63
1.53
1.27
4.52
0.67
3.42
1.49
1.82
4.69
3.49
0.09
2.68
3.01
1.58
1.62
4.63
4.57
4.22
1.45
4.46
3.71
3.46
2.35
2.79
1.2
1.89
0.94
2.06
1.38
4.75
3.24
0.99
3.92
4.84
2.35
0.7
3.74
1.28
4.54
4.76
1.57
3.8
0.33
4.37
0.2
0.89
0.68
3.97
3.34
2.56
2.82
1.04
2.08
2.92
0.45
2.75
1.83
1.82
2.35
3.72
0.22
4.77
4.72
0.42
2.58
3.12
2.15
0.19
0.29
4.06
1.93
3.65
3.08
3.75
0.65
2.76
2.46
1.99
0.63
1.23
2.34
2.09
2.0
2.45
0.93
0.3
1.3
3.72
3.83
4.81
2.26
1.86
2.37
4.31
3.52
4.05
1.11
4.59
0.61
4.81
2.85
3.06
2.78
3.75
0.04
0.29
3.79
3.71
0.41
1.54
2.15
1.37
2.96
2.32
0.04
1.0
0.99
4.59
4.84
0.59
3.49
2.69
1.17
2.92
1.36
1.37
1.02
4.58
4.5
4.18
1.1
2.58
0.34
3.87
4.19
4.02
4.78
2.52
4.37
4.25
2.89
0.44
0.92
0.14
0.72
1.27
4.76
1.22
2.9
3.24
0.96
4.46
2.59
1.69
4.93
3.02
2.61
4.7
3.23
0.19
0.78
4.55
2.21
3.52
4.66
0.83
0.16
0.25
0.38
0.32
0.74
2.33
4.36
1.61
0.48
1.0
2.08
4.97
2.94
0.5
3.54
2.05
2.79
0.08
3.37
4.65
3.83
2.85
3.8
0.02
0.12
1.02
3.92
1.97
3.52
1.21
3.2
3.82
1.84
3.23
0.48
4.23
4.62
2.05
0.65
3.19
1.93
2.38
3.79
1.67
4.83
2.11
1.67
2.22
1.39
3.71
2.15
3.88
4.1
3.38
1.01
4.11
3.34
3.42
0.43
1.23
2.96
4.99
2.67
0.6
1.27
4.33
0.31
0.56
3.1
0.52
1.11
0.55
0.64
0.43
3.19
3.93
4.37
0.74
0.63
2.62
3.74
1.96
3.12
4.09
2.02
4.81
3.21
0.08
4.72
1.74
0.63
2.01
0.81
3.2
2.34
0.96
3.82
1.25
0.17
4.74
3.02
3.53
4.14
1.29
0.66
1.37
2.2
3.36
2.85
4.66
0.72
4.04
0.8
0.69
2.28
3.7
4.57
0.92
0.68
3.18
4.43
3.35
1.14
2.96
0.25
0.87
2.1
0.38
2.8
2.85
4.8
3.81
0.84
1.84
3.02
1.6
1.96
3.0
4.21
0.7
4.58
2.86
4.79
0.05
0.08
2.82
2.77
4.93
0.43
4.41
4.78
0.2
4.42
0.29
3.03
4.17
4.0
2.75
4.32
3.16
0.71
3.6
2.56
3.01
1.41
3.39
1.36
0.37
1.23
2.62
3.59
0.81
2.6
3.05
1.74
0.31
2.75
3.15
3.34
1.84
0.71
3.46
2.64
1.34
4.35
3.03
0.11
1.94
4.29
3.31
0.28
1.28
2.91
2.6
1.33
3.15
1.28
3.6
1.66
3.95
3.24
4.45
4.49
3.01
2.39
1.58
2.6
0.6
4.47
3.92
3.8
2.32
2.91
3.58
0.94
4.28
3.23
4.4
0.52
3.27
4.85
0.09
2.75
4.81
3.75
2.7
3.22
0.8
0.46
3.52
0.01
3.03
4.31
4.68
1.62
0.69
4.88
4.46
3.71
3.2
4.62
2.44
0.1
3.63
0.46
1.75
0.73
2.91
0.98
1.22
2.05
2.16
4.93
1.31
4.31
4.74
0.02
4.87
0.69
4.42
3.4
2.45
3.33
0.47
0.15
4.28
2.52
2.22
2.94
2.71
3.74
1.34
4.82
3.15
4.09
3.59
4.13
3.34
4.56
0.2
4.77
0.3
0.85
4.95
0.1
4.05
0.84
2.29
4.38
1.94
0.96
1.24
4.29
3.53
3.06
3.72
3.95
4.31
2.0
2.67
4.92
2.17
3.22
4.56
1.09
4.72
1.72
1.48
0.78
1.38
4.71
3.48
0.91
0.63
1.41
3.33
4.48
3.69
4.89
4.32
1.0
0.59
0.75
3.05
4.35
4.74
3.71
2.11
0.37
1.01
3.67
2.75
2.84
3.06
2.74
1.07
3.84
2.1
3.08
4.48
4.53
0.71
0.32
4.68
0.12
1.2
3.29
2.96
0.81
3.55
1.58
4.96
4.5
3.13
4.01
4.22
1.14
1.12
0.22
1.43
0.95
0.36
1.39
1.01
0.36
3.59
3.84
4.12
3.75
4.74
1.62
1.26
1.68
3.38
1.76
1.85
0.94
0.22
4.84
3.39
2.53
0.32
1.12
3.72
3.19
0.02
3.92
2.63
3.61
0.99
2.78
2.52
2.8
3.37
3.56
2.74
2.07
0.17
4.25
4.19
3.0
0.08
0.16
1.64
0.22
0.83
4.79
4.89
3.41
0.7
1.51
0.5
2.98
4.06
2.19
0.77
2.8
3.66
4.11
2.19
3.24
4.15
3.16
3.21
0.52
4.11
2.55
4.55
0.71
0.94
0.23
1.94
0.04
0.68
2.51
0.29
2.78
2.08
2.9
0.26
3.87
1.81
0.94
3.67
4.59
4.16
3.88
1.05
0.14
4.42
0.74
1.06
3.63
3.62
4.8
2.71
2.3
3.06
1.31
2.95
4.77
3.53
4.32
0.74
3.6
4.03
3.36
2.19
2.82
2.31
2.4
4.65
4.24
3.5
4.7
1.98
2.23
4.03
2.84
0.52
4.73
1.54
3.5
2.5
3.95
1.61
3.79
0.9
0.96
1.47
0.17
2.67
0.47
2.5
0.94
2.98
0.69
1.57
1.32
4.35
2.55
1.78
1.51
2.29
4.26
2.16
4.82
0.52
3.98
0.26
4.58
2.3
2.37
2.85
4.08
2.42
0.17
2.05
0.22
1.04
1.51
4.11
2.42
3.12
1.12
1.26
0.88
4.61
0.31
4.91
4.69
4.07
2.73
2.59
2.71
2.22
0.42
3.87
3.19
0.73
2.66
3.53
3.75
1.79
4.45
2.44
4.95
0.77
0.33
2.34
2.58
2.96
4.35
3.91
4.68
2.18
1.98
3.42
3.53
0.9
4.16
2.95
1.59
4.84
1.03
3.67
4.04
1.53
1.23
4.4
3.73
3.97
2.26
2.9
1.36
3.21
4.31
4.87
0.58
1.28
3.65
0.16
4.17
0.91
2.38
2.6
4.42
3.02
2.63
0.8
4.78
4.66
0.68
4.69
2.35
4.36
4.01
4.41
1.36
3.54
4.84
4.09
4.45
2.74
1.4
3.85
2.5
1.19
2.26
2.27
2.97
4.36
2.55
0.44
0.27
2.63
2.38
2.16
1.0
2.5
2.94
2.65
0.88
2.57
3.88
0.59
1.17
3.57
0.91
0.61
2.47
4.41
4.23
0.39
4.05
3.2
2.73
0.77
0.86
2.35
2.14
0.14
0.94
3.83
4.4
1.57
3.68
4.72
1.73
3.19
2.6
2.24
4.21
4.04
3.25
1.52
0.88
0.29
1.04
0.73
2.87
4.92
3.91
1.18
0.53
0.8
4.08
4.49
3.84
4.61
0.05
0.15
3.67
3.63
3.93
2.98
2.68
3.52
3.06
4.67
0.77
3.72
0.15
3.33
4.1
0.52
4.51
0.29
0.01
4.76
2.75
4.02
1.68
3.37
2.68
0.52
4.32
1.5
3.48
1.59
2.46
4.37
0.41
0.15
2.84
4.93
0.31
0.63
0.17
3.62
1.39
1.61
0.72
3.55
3.74
1.22
3.58
1.57
0.26
0.94
2.49
2.75
1.13
3.6
2.86
4.99
1.45
3.18
3.38
2.66
4.01
4.93
4.7
0.89
1.97
2.8
1.06
3.71
3.93
2.92
0.4
2.81
2.83
2.04
0.36
3.08
4.37
1.52
0.88
3.43
0.69
3.67
3.92
3.38
2.27
4.89
1.38
2.72
0.07
4.57
0.08
2.12
4.8
1.6
4.32
1.5
0.11
0.35
3.83
1.95
1.23
1.57
4.11
3.18
4.64
1.41
3.11
3.06
3.7
3.79
0.41
1.23
1.42
0.53
1.79
4.0
0.9
0.44
0.65
0.36
0.94
1.53
2.84
0.02
2.8
1.79
0.61
0.16
2.92
1.32
4.62
0.56
2.08
0.54
3.07
1.34
4.86
4.05
3.82
3.37
0.67
1.08
2.37
4.09
0.39
2.27
1.71
2.22
1.97
1.39
0.08
1.7
1.36
4.16
4.85
3.04
4.38
1.16
4.46
0.8
1.05
1.71
3.54
2.79
3.54
0.64
0.09
0.12
0.82
0.93
1.07
4.92
3.93
2.4
4.88
3.65
0.12
4.01
4.76
0.22
4.53
0.79
2.56
3.19
1.64
4.21
3.61
3.08
0.09
2.34
1.9
3.19
1.46
1.49
0.36
3.36
0.86
1.4
4.58
0.29
1.48
1.67
0.54
4.42
4.01
1.4
1.31
0.1
1.92
1.67
0.91
3.6
1.62
3.21
1.56
1.98
0.53
1.88
1.36
4.08
0.09
2.05
4.12
4.44
4.35
0.14
2.51
4.86
3.65
0.53
4.32
0.86
0.8
0.72
3.21
4.8
4.74
0.28
4.58
0.99
2.52
0.04
0.4
0.53
3.93
4.92
3.79
4.08
0.2
1.27
1.43
1.58
3.68
4.09
4.13
2.75
3.01
1.76
1.61
1.02
1.09
2.64
2.56
4.52
0.19
4.21
4.7
3.7
3.04
0.51
3.55
4.93
4.3
4.76
2.02
3.16
0.62
0.18
3.82
0.0
4.62
4.71
1.82
0.08
2.83
0.78
3.55
2.71
4.64
4.17
3.72
1.88
0.58
0.41
1.77
4.46
2.29
1.56
0.73
2.28
0.03
3.48
3.01
2.89
4.01
1.93
4.42
3.27
1.11
2.92
2.19
4.92
0.73
2.06
1.42
2.16
3.9
2.19
0.86
3.65
0.91
0.55
2.27
4.12
0.63
3.49
4.59
3.08
2.77
0.04
2.8
4.48
3.72
3.64
4.42
1.59
0.0
0.93
1.45
3.68
0.74
1.33
2.85
3.79
0.16
0.19
4.86
1.32
3.66
1.12
0.66
0.82
1.36
1.44
0.34
0.02
2.0
0.21
0.52
3.9
2.35
2.12
3.12
4.63
2.4
2.37
2.58
0.48
0.6
3.79
4.06
0.61
4.05
4.89
1.76
1.34
4.72
2.75
4.03
0.98
4.8
3.3
1.07
4.87
2.84
1.57
2.13
4.89
0.28
4.47
0.15
4.79
0.64
1.02
0.06
3.14
3.37
3.75
4.51
0.98
3.05
2.09
1.86
2.46
1.35
0.21
2.9
2.79
2.27
1.43
4.26
4.66
2.35
1.64
0.64
3.51
1.06
3.28
4.4
3.82
0.16
3.7
0.23
0.18
0.51
0.82
1.0
0.17
0.36
2.86
3.36
2.14
1.93
0.7
0.11
2.78
3.02
1.2
4.12
2.55
0.17
4.2
4.61
1.03
0.94
0.93
3.38
3.85
4.75
3.29
0.05
1.51
2.07
1.3
2.22
0.73
0.72
1.36
1.79
2.17
3.37
3.32
2.69
1.55
0.32
2.71
3.13
0.72
4.48
0.47
4.06
1.09
2.7
4.45
4.86
2.85
4.96
1.0
1.5
2.82
3.54
2.33
1.61
4.09
3.15
0.73
3.81
4.13
0.71
3.83
4.12
2.06
0.11
1.16
1.32
0.61
2.5
4.33
4.8
4.03
3.65
3.43
1.0
4.12
4.33
3.37
2.32
0.37
4.41
0.49
3.81
2.78
3.26
1.6
1.45
0.04
0.57
4.34
2.62
3.74
3.35
2.74
4.47
1.09
3.59
0.99
4.49
0.2
1.52
0.39
2.55
3.66
1.06
2.47
2.72
2.41
4.24
4.45
1.5
4.83
2.72
3.62
0.14
2.53
4.47
4.08
3.94
4.5
1.28
4.88
0.95
2.62
4.77
3.98
0.39
4.94
2.87
4.05
1.11
2.85
4.36
0.29
1.75
2.75
2.13
0.85
2.12
2.96
1.8
3.79
0.18
3.37
2.8
2.32
2.57
0.42
4.71
4.1
4.86
2.61
3.62
1.58
0.33
4.26
2.01
1.21
3.51
3.76
3.1
0.5
0.34
0.65
3.84
1.66
3.18
1.91
4.99
3.55
2.3
1.02
4.65
3.89
2.45
3.3
1.29
1.27
1.45
4.25
4.38
4.74
3.02
0.21
4.03
3.17
3.59
4.88
3.35
3.33
1.61
1.62
3.46
4.64
1.33
4.48
1.88
3.38
2.11
4.91
3.8
1.07
0.41
4.24
1.55
0.34
3.86
3.19
0.98
2.43
0.21
2.84
0.56
2.97
4.65
1.77
1.13
1.07
0.74
0.25
1.21
4.36
4.26
4.09
4.23
1.39
0.48
2.74
1.67
4.27
4.61
3.07
1.53
1.11
0.17
1.44
4.41
3.09
0.97
3.95
3.4
1.79
3.96
0.71
4.45
0.04
3.86
2.87
2.34
3.73
1.93
2.19
4.72
0.52
0.3
2.97
2.75
4.37
2.77
0.29
1.0
2.93
3.0
4.7
4.91
2.03
1.49
0.57
2.08
4.35
1.46
3.6
4.85
2.11
2.54
4.29
2.79
4.08
3.56
2.37
2.35
0.76
2.73
3.11
1.28
0.69
3.83
4.37
0.49
2.57
1.44
4.4
3.29
2.49
2.35
2.78
0.79
0.57
3.06
4.52
4.3
2.43
3.76
1.76
3.79
1.5
4.88
0.53
2.35
3.42
0.08
2.34
2.47
0.44
0.46
0.03
4.56
2.3
4.47
1.77
2.0
2.28
4.15
1.18
4.39
2.47
3.61
1.59
2.74
2.79
4.24
2.28
0.48
3.27
0.65
3.68
0.73
0.78
2.78
2.95
3.6
1.27
3.27
3.08
3.48
0.94
3.14
0.9
4.39
4.37
4.14
2.01
3.83
2.69
4.73
1.89
2.4
2.53
2.89
2.29
3.56
4.55
4.82
4.99
0.25
3.43
4.54
0.9
2.63
4.31
0.99
1.3
0.27
0.54
0.23
4.84
2.0
3.3
1.63
4.82
2.92
1.04
1.54
4.31
2.47
3.1
3.9
1.74
3.13
1.34
3.25
4.62
4.59
0.65
0.53
4.83
2.83
1.87
4.03
0.13
3.8
2.81
1.41
0.91
3.64
2.82
0.74
4.89
2.26
2.66
3.01
1.43
3.68
1.5
1.99
1.03
4.65
1.14
4.39
4.42
4.33
1.59
0.56
2.5
3.98
0.46
0.42
2.4
1.83
2.0
4.96
4.01
4.63
4.11
1.96
0.55
0.8
0.07
3.32
3.68
4.0
0.06
0.72
0.57
0.07
1.95
4.15
3.52
1.65
4.28
1.98
0.03
1.61
4.73
1.53
2.93
0.09
0.86
4.72
0.32
3.77
0.17
0.41
0.84
4.94
3.49
0.45
4.27
1.5
0.76
4.75
2.95
2.14
0.61
1.74
1.37
4.9
4.84
3.49
2.84
0.09
2.95
3.37
2.5
0.58
0.56
1.98
1.91
0.19
4.69
4.83
1.5
0.24
2.22
4.73
2.78
0.74
0.12
4.14
4.62
2.54
2.66
0.67
0.68
2.36
0.76
2.21
0.28
2.63
3.12
2.68
3.29
3.73
4.83
4.27
0.11
3.93
2.24
3.28
1.31
0.27
3.95
2.01
0.1
0.87
0.96
3.24
0.98
1.82
4.63
2.1
2.91
1.43
0.08
0.39
1.55
2.99
3.9
2.04
1.17
2.28
1.42
0.38
3.43
0.86
0.27
0.51
3.73
2.36
1.76
1.1
4.11
3.44
4.4
1.75
3.95
3.47
2.59
4.19
0.1
0.29
1.97
2.34
2.38
1.08
4.27
1.63
4.13
4.87
0.01
3.76
1.59
2.97
1.36
4.59
0.23
1.81
3.6
1.55
4.94
0.24
0.51
2.08
4.24
0.51
2.92
1.33
2.41
3.17
4.71
3.35
2.88
3.23
4.43
3.51
3.7
4.92
1.08
1.21
2.83
4.75
0.5
3.41
1.91
0.83
4.53
0.19
1.97
3.39
4.5
3.69
0.86
2.63
4.77
0.05
1.19
4.73
1.78
4.48
3.29
2.41
4.83
0.11
4.98
0.33
3.34
4.62
3.15
2.21
1.82
0.23
0.8
1.85
1.84
4.68
1.97
1.66
2.59
2.22
0.86
2.0
4.73
0.72
0.44
0.34
3.19
2.89
2.87
3.66
4.66
4.8
0.22
4.82
1.38
4.55
0.41
1.03
4.05
1.0
2.98
0.11
0.16
3.87
3.12
3.56
1.43
3.79
0.12
2.3
2.1
3.25
4.25
1.26
3.41
4.15
2.86
0.99
2.32
0.39
2.41
1.07
1.96
4.0
4.07
1.91
3.82
3.92
3.9
0.2
2.82
2.01
3.66
3.94
4.99
3.57
2.55
0.26
4.75
1.05
2.49
1.3
1.63
0.58
0.87
3.67
3.51
1.48
1.95
4.09
4.7
4.34
3.24
2.07
4.08
3.94
3.39
3.1
1.58
3.46
0.22
4.12
1.14
0.45
0.88
0.89
3.8
4.31
3.39
2.54
1.9
2.7
4.71
3.41
4.41
1.56
0.95
3.05
4.83
4.33
3.94
3.11
2.45
1.01
0.97
1.04
4.08
2.49
4.31
4.88
2.08
1.47
3.49
2.45
4.57
3.64
0.15
0.27
2.2
2.13
4.9
1.75
2.08
2.38
3.0
4.64
3.72
3.75
3.2
4.59
0.76
0.64
2.59
1.59
2.3
3.02
1.95
2.06
2.04
4.64
4.48
1.16
2.62
4.29
0.44
0.48
0.39
1.72
2.71
3.11
2.89
4.95
1.89
3.12
4.95
3.09
0.67
4.32
2.59
3.14
2.11
3.52
1.8
2.27
1.7
0.86
0.47
1.53
1.05
2.87
1.1
1.54
0.01
4.79
4.9
3.17
2.47
0.28
4.77
0.53
3.2
4.41
3.38
1.99
1.61
4.77
4.25
1.17
2.89
1.39
1.67
2.97
2.98
1.26
4.86
2.98
1.12
1.0
2.41
4.27
4.06
2.76
3.62
3.17
3.77
1.22
0.09
0.62
2.17
1.73
3.11
3.15
3.65
1.69
2.35
0.98
4.85
3.99
4.24
1.35
0.37
2.34
4.23
0.1
4.8
1.96
3.68
4.64
0.19
4.7
4.94
4.89
1.08
4.46
0.45
2.7
3.0
0.52
0.93
4.57
2.57
1.73
1.11
2.42
0.42
2.68
4.01
1.76
2.38
2.02
3.53
1.42
4.91
1.44
0.07
0.04
1.28
3.21
2.8
1.77
1.14
1.29
2.08
2.34
4.53
3.21
3.87
4.61
4.25
0.69
1.75
2.44
1.7
3.5
1.03
2.09
3.54
2.03
1.21
3.77
1.68
1.18
0.65
4.95
0.53
4.21
4.38
2.97
3.92
0.6
4.54
2.6
1.37
4.25
4.52
4.6
4.93
1.11
0.79
2.21
3.65
3.18
0.96
2.71
3.04
0.31
2.28
2.46
3.64
3.06
2.62
1.11
1.9
1.76
4.89
2.89
3.17
4.78
4.38
4.65
0.75
3.89
0.03
4.54
2.17
4.41
1.65
1.72
4.5
4.5
1.54
3.51
2.62
4.34
0.24
4.77
0.77
3.92
0.7
2.31
3.27
4.21
4.46
3.21
3.62
0.99
0.61
1.73
1.58
0.62
2.73
2.08
1.95
2.58
4.72
3.23
0.78
3.4
2.04
0.63
2.26
3.72
1.14
1.26
4.32
4.36
1.62
3.59
3.97
4.15
0.1
4.51
0.84
0.02
4.24
1.8
2.84
1.27
3.58
3.61
0.26
3.66
4.52
0.45
0.2
4.68
0.52
3.07
0.72
2.42
2.34
0.26
2.35
1.54
0.48
2.18
2.71
2.82
2.55
2.01
1.13
2.55
1.73
3.2
1.0
0.99
4.55
3.98
2.26
2.15
1.13
3.24
4.14
2.08
1.82
2.08
1.09
3.97
4.22
1.39
1.74
3.07
3.19
0.18
3.62
2.45
0.88
2.56
2.08
0.9
0.69
4.09
2.32
0.16
3.13
0.15
4.87
1.68
3.57
1.31
3.9
0.03
2.6
4.18
2.25
3.32
2.64
2.91
4.15
4.65
2.76
4.15
3.76
1.03
3.82
3.8
3.94
3.57
1.11
4.98
3.41
0.7
4.99
4.1
0.95
0.83
3.34
4.1
0.97
2.17
2.67
2.08
3.35
2.1
3.92
1.29
1.99
2.9
3.95
1.48
1.76
1.67
4.0
3.05
3.28
1.19
1.62
2.44
3.28
1.75
1.4
0.18
2.84
2.64
4.45
2.19
3.85
2.66
2.09
1.81
0.27
0.08
2.3
3.32
3.22
0.94
4.17
4.19
4.74
3.3
2.6
3.74
0.27
1.93
2.2
1.28
0.92
0.66
1.07
4.94
3.33
4.83
3.06
2.34
0.96
4.1
4.67
0.31
3.01
2.57
1.21
1.01
4.26
2.05
2.45
4.58
2.63
1.91
4.64
2.28
0.36
3.08
1.23
2.12
2.98
0.5
4.09
2.71
1.02
0.85
4.36
0.84
3.73
4.0
1.74
1.8
4.06
2.84
3.67
1.6
4.87
2.78
0.98
4.35
0.91
4.87
1.12
0.81
2.92
2.79
0.31
0.41
1.78
3.05
4.47
0.77
0.61
3.67
4.14
1.64
4.94
4.54
1.28
2.54
0.62
2.21
2.69
4.81
1.27
2.41
0.22
0.43
0.49
1.49
0.89
0.1
3.11
1.34
4.8
1.18
3.2
4.04
3.41
1.45
2.75
0.22
4.13
1.56
4.8
2.67
3.4
0.19
4.56
3.73
1.52
3.7
0.81
4.53
1.66
1.84
1.67
0.68
2.8
2.15
1.54
3.88
1.79
4.54
4.0
3.98
1.02
3.46
4.52
2.42
2.01
1.84
2.28
3.04
3.7
3.47
3.3
0.86
3.58
1.25
1.93
0.96
4.23
0.77
4.26
2.6
4.55
2.19
2.38
2.01
3.07
1.91
3.15
2.73
4.41
0.63
3.33
1.26
0.78
0.81
2.32
1.05
1.41
4.4
0.41
4.31
0.64
2.91
2.34
3.12
2.91
0.46
1.36
3.81
2.22
1.13
4.78
0.11
1.5
4.85
1.14
3.26
2.86
1.3
0.6
2.45
3.27
3.69
2.6
1.06
0.84
1.92
4.27
3.91
2.88
1.9
1.06
2.99
4.94
1.4
4.03
4.92
4.03
4.67
4.18
1.7
2.05
1.88
1.78
3.69
3.37
0.04
0.1
4.61
4.44
4.51
2.57
4.0
1.58
4.71
0.06
3.79
3.11
3.97
2.88
0.82
4.08
1.34
4.21
2.18
1.37
3.38
2.0
0.31
2.07
1.29
3.26
1.65
3.33
4.69
3.55
2.91
4.0
4.27
2.72
0.21
0.45
2.66
2.51
2.87
4.22
2.05
0.38
2.68
0.8
4.11
0.73
1.58
2.8
3.79
0.84
0.0
3.14
0.41
0.18
0.8
4.61
4.45
4.34
4.53
4.25
3.74
0.79
4.0
4.92
4.81
2.42
0.92
3.58
4.1
2.29
0.02
3.6
0.25
1.31
4.84
4.66
3.25
3.36
2.11
2.96
2.16
3.03
1.09
2.76
2.61
2.38
0.05
1.1
2.33
1.69
0.2
2.43
3.61
0.8
1.76
0.81
3.73
4.91
4.25
2.2
0.33
1.53
3.88
4.58
4.64
2.1
4.74
0.76
2.23
3.35
4.64
2.79
2.2
1.25
0.38
0.9
0.52
3.28
3.22
0.07
1.37
0.89
3.3
3.03
2.24
4.57
1.3
1.07
4.94
1.14
0.42
2.21
4.13
3.81
3.47
4.57
1.98
3.98
2.91
1.13
4.74
4.94
0.65
0.59
3.6
3.92
4.06
4.06
0.39
2.55
2.4
1.5
3.48
0.24
2.79
0.53
4.09
0.78
3.45
1.9
4.41
2.72
0.9
3.83
3.47
2.41
1.89
1.15
0.83
0.09
3.99
1.56
0.51
4.91
1.46
0.98
4.29
2.24
0.22
1.05
0.1
1.29
1.04
1.17
1.02
1.98
4.79
1.63
0.36
2.56
3.12
4.28
2.36
3.24
0.41
3.26
2.23
4.99
2.6
4.62
2.03
2.21
0.04
1.92
3.08
3.1
2.15
2.8
2.06
2.41
2.93
2.41
1.75
0.1
2.98
4.68
3.92
0.54
2.96
1.16
4.93
3.7
1.75
1.34
3.99
0.16
3.32
0.88
3.59
1.59
4.1
4.16
0.96
2.02
0.88
0.9
1.28
0.14
2.68
2.48
1.76
0.02
1.72
1.65
3.27
4.77
2.26
0.62
0.56
4.98
0.06
3.72
0.02
4.05
1.54
3.11
2.79
3.9
1.71
3.18
3.3
3.62
1.59
1.41
1.55
0.43
0.12
2.78
1.83
0.24
1.64
2.47
0.96
2.75
1.31
2.05
0.14
0.67
0.14
3.02
3.3
3.96
2.43
3.61
1.95
0.68
0.78
2.07
1.55
2.01
0.33
1.81
0.2
3.98
3.93
1.35
0.55
2.32
2.04
2.35
1.04
2.93
3.22
1.68
2.02
3.58
3.02
4.0
1.65
0.32
3.52
1.81
1.05
2.1
1.29
3.77
1.56
3.01
1.07
1.29
2.58
2.17
2.3
1.87
1.74
1.68
2.68
2.46
0.99
3.0
0.69
3.66
3.61
3.25
1.48
1.92
1.08
0.68
3.0
2.02
2.08
2.03
1.98
2.81
1.2
2.2
1.01
2.12
2.52
2.65
2.77
3.58
1.84
3.83
1.16
1.05
0.83
1.46
3.13
3.38
2.31
2.14
1.03
0.96
3.63
3.13
3.19
0.3
2.98
3.21
3.98
0.3
2.36
3.68
3.66
2.66
3.13
3.19
2.33
1.27
3.67
0.76
2.45
0.93
3.08
3.65
1.73
2.94
1.55
1.32
0.36
0.72
3.33
0.17
2.6
2.02
1.85
2.15
1.76
2.79
3.38
0.74
1.63
2.33
2.81
3.49
0.16
0.29
2.66
2.12
0.66
3.43
0.86
0.83
1.59
2.2
2.02
2.23
3.28
1.45
3.94
1.52
2.45
0.27
2.29
2.78
2.44
2.56
3.35
1.79
0.84
3.43
2.13
0.91
0.87
3.34
2.4
3.74
3.34
0.69
3.76
1.48
1.53
3.05
1.18
2.81
0.28
0.67
0.95
2.28
1.92
2.43
3.21
3.25
3.2
3.12
2.27
3.25
1.06
3.34
2.53
0.22
1.66
0.28
0.58
0.23
3.01
3.96
2.58
1.21
1.91
3.42
2.73
3.03
2.09
1.47
0.36
0.51
0.92
2.31
0.88
2.49
0.31
1.88
0.27
3.56
2.0
0.89
2.35
3.65
1.42
0.94
2.05
1.3
1.22
3.67
0.54
0.41
1.65
1.75
0.23
1.93
0.57
2.36
0.88
3.26
0.41
0.19
2.02
2.17
2.06
3.76
1.25
2.28
0.48
1.58
0.73
1.04
3.21
0.66
1.69
1.84
1.09
2.31
1.92
0.49
0.46
2.53
2.7
0.17
0.5
2.31
1.41
2.48
3.14
1.86
2.55
3.26
2.28
2.97
3.36
3.8
1.86
3.77
1.5
0.13
2.36
3.26
3.38
3.78
2.88
3.25
1.01
1.35
0.26
2.28
2.97
2.02
2.96
0.16
3.21
3.56
0.25
3.88
2.84
1.83
1.87
3.09
2.76
0.24
3.13
0.11
1.23
0.54
2.4
4.0
1.32
3.92
1.28
1.09
2.61
2.55
0.17
1.44
3.94
0.5
3.81
1.09
3.21
2.06
3.78
2.82
0.69
1.47
1.87
3.22
0.16
3.46
1.86
3.97
0.52
1.14
2.58
1.31
2.64
3.04
1.46
1.38
1.32
2.13
0.13
0.84
3.65
3.61
1.28
3.2
0.43
0.11
2.34
1.67
2.83
2.98
0.73
2.49
0.39
3.37
0.94
1.79
3.48
3.56
3.14
3.73
3.01
3.59
0.74
2.9
2.2
3.05
0.45
0.42
2.71
0.66
1.87
2.45
1.5
1.23
0.65
0.38
0.44
0.78
1.89
2.67
3.56
2.5
2.66
2.9
3.92
0.2
1.03
0.41
1.52
0.41
2.59
2.09
2.8
2.68
1.5
1.31
0.75
3.65
1.04
0.63
2.18
3.51
2.8
3.55
1.92
2.57
3.81
1.89
2.61
2.85
3.66
3.67
1.74
3.7
3.69
3.54
3.72
3.39
3.88
3.01
0.34
2.48
1.27
2.74
1.77
0.95
1.58
2.11
2.44
3.98
0.16
2.9
0.44
3.73
3.72
1.87
1.4
0.51
3.87
1.57
2.0
0.19
1.59
2.56
1.7
1.18
2.65
3.35
0.98
2.53
3.15
3.6
3.9
2.76
1.67
0.72
2.87
3.3
3.4
1.59
1.67
0.42
0.33
0.37
3.09
2.67
2.25
1.49
1.63
0.23
0.89
0.71
0.85
0.91
3.13
3.66
1.99
2.0
2.7
3.28
3.46
0.93
0.57
2.2
1.2
1.66
3.47
1.53
3.91
2.51
3.52
3.99
2.35
3.63
2.23
2.76
1.62
1.17
3.68
1.57
1.32
3.33
0.39
0.88
0.8
1.17
1.28
2.03
3.97
0.6
3.6
0.68
1.59
1.01
2.55
0.11
1.76
3.36
2.65
0.65
0.47
1.77
3.52
2.79
0.25
3.19
3.62
1.5
1.18
0.32
3.68
0.82
2.34
0.68
0.14
3.08
0.88
2.87
0.93
0.1
3.42
3.64
1.48
2.5
0.95
3.31
1.25
0.6
0.32
3.34
2.6
0.96
2.8
1.5
1.92
3.81
2.75
3.74
2.31
0.96
3.24
0.1
1.02
3.36
1.43
1.55
0.73
1.34
0.62
3.71
1.08
3.36
3.1
1.45
1.58
2.52
0.63
3.9
1.09
1.71
3.98
1.78
0.6
1.95
0.44
1.57
0.52
3.9
0.24
2.45
0.34
2.12
3.55
2.7
2.27
2.09
2.5
0.28
3.01
2.61
2.4
0.37
2.52
2.05
3.1
0.55
3.59
1.07
2.73
0.5
3.13
0.76
0.72
1.49
3.38
0.2
1.9
0.27
2.52
3.63
3.82
1.23
0.19
2.27
2.05
1.77
0.82
1.01
2.37
1.58
1.98
3.18
2.63
0.31
0.43
3.58
3.97
1.81
3.67
3.25
1.47
1.32
3.07
2.2
0.35
2.88
0.58
0.39
1.7
2.28
3.52
1.78
1.45
3.83
0.57
0.63
3.63
0.56
1.45
1.22
1.03
3.7
3.18
1.48
1.72
0.6
1.75
1.8
1.17
2.86
0.19
3.29
0.76
1.34
3.43
1.32
3.01
1.95
1.62
0.28
0.8
3.99
0.94
0.4
0.6
3.35
3.58
0.48
1.02
1.58
1.94
1.14
3.1
3.8
1.59
2.36
0.32
0.5
3.65
3.96
3.32
2.86
1.26
1.06
1.49
2.33
1.99
0.92
2.07
2.29
0.83
1.5
3.15
0.95
1.06
2.86
2.8
2.93
2.02
3.34
0.76
3.77
2.68
0.93
1.85
0.36
3.57
3.33
1.3
2.12
2.89
2.02
3.04
1.35
1.58
1.93
2.85
2.89
3.87
3.19
1.67
0.76
1.31
0.38
3.38
1.91
2.11
2.84
0.17
3.33
0.45
3.28
3.23
2.27
0.19
1.87
3.22
1.94
3.8
2.51
0.69
3.06
0.59
0.34
3.75
1.94
2.59
0.17
2.24
0.93
2.19
2.04
2.62
1.13
2.84
2.13
2.33
1.04
3.48
1.16
0.86
1.16
2.14
1.89
3.74
0.71
1.68
3.65
0.16
0.85
1.36
2.29
2.27
0.59
3.18
3.95
2.74
3.66
2.96
1.69
1.42
0.44
1.77
0.58
2.76
3.83
3.73
2.48
0.7
0.55
0.6
1.46
2.68
3.72
1.93
3.58
0.27
1.05
0.36
3.15
1.47
1.4
2.44
0.57
0.75
3.73
3.11
3.38
3.29
0.49
0.53
2.34
0.4
0.41
2.53
0.97
1.17
3.72
1.39
1.58
2.6
4.0
1.47
3.75
0.18
2.88
1.26
0.66
0.81
0.63
2.08
0.54
0.74
2.32
3.89
2.37
2.83
0.84
2.95
3.91
0.66
3.25
0.71
0.2
2.21
0.22
0.41
1.66
1.28
3.54
3.85
0.79
0.98
3.52
0.82
2.63
1.21
1.89
1.96
3.69
0.63
1.45
0.73
2.88
2.87
2.08
1.9
2.55
2.95
0.96
1.24
1.71
0.78
3.33
1.12
2.77
2.73
2.16
0.74
2.42
1.65
2.78
2.74
1.08
2.83
3.36
0.78
0.84
1.72
3.93
2.77
3.22
2.34
3.74
2.1
1.4
3.6
3.32
1.7
2.36
2.23
1.36
2.76
1.7
0.88
3.4
3.02
0.51
2.78
2.86
0.85
0.63
1.54
2.78
3.05
2.95
2.22
1.36
0.57
0.98
2.84
3.48
2.72
2.51
3.5
3.78
1.9
1.59
2.38
0.41
3.49
3.14
0.25
2.24
0.48
3.0
1.32
0.81
2.04
0.81
3.22
2.04
1.44
0.82
1.6
3.58
0.51
1.27
3.55
1.2
1.66
1.76
0.72
3.73
2.62
2.75
0.61
3.99
1.44
1.79
0.7
0.84
2.75
0.67
1.54
3.95
1.41
3.81
0.36
3.77
2.89
0.31
1.16
3.61
0.57
2.79
1.08
1.73
3.7
2.5
3.32
3.04
2.67
3.03
2.94
0.84
2.32
2.7
0.39
2.38
0.7
3.69
1.55
2.89
1.73
1.87
3.81
2.0
3.98
3.11
1.15
1.27
3.89
1.82
3.81
0.33
0.55
3.87
3.17
1.64
1.34
1.12
2.96
2.19
0.49
2.85
3.64
2.56
0.55
0.25
1.77
3.08
0.77
2.66
0.22
2.31
0.81
0.73
2.1
3.29
0.95
1.91
0.99
3.1
2.95
1.36
3.32
0.89
1.99
3.46
3.15
2.18
3.19
0.71
2.83
2.44
2.46
0.36
1.59
0.37
0.78
2.19
2.14
2.29
2.53
0.67
2.95
2.89
1.38
3.11
3.58
1.46
1.8
1.62
0.54
0.21
1.64
3.87
1.03
1.19
2.04
3.42
1.5
1.28
1.24
2.14
1.68
2.6
1.03
3.78
0.96
2.67
1.07
1.48
3.48
3.49
2.61
0.73
0.86
3.5
2.85
0.25
2.98
1.17
0.49
0.73
0.91
1.78
3.79
0.62
0.33
1.6
3.41
0.47
2.57
0.79
1.72
2.71
0.61
2.28
0.28
3.22
3.56
0.76
1.44
1.16
1.48
1.82
0.52
2.44
1.02
2.11
1.79
1.43
3.96
3.08
1.65
0.64
2.42
2.29
0.39
0.75
1.31
1.78
2.23
0.97
1.71
0.36
1.45
1.74
1.66
1.48
0.75
3.52
0.73
3.88
0.76
1.7
3.7
1.99
1.63
1.94
3.56
2.99
3.97
1.36
3.22
0.12
3.2
2.47
0.31
2.03
2.77
1.89
0.69
1.07
3.81
0.74
3.51
3.02
1.57
1.92
0.27
3.75
2.93
2.51
1.3
3.84
1.55
0.64
0.53
1.95
1.64
2.56
1.44
0.97
2.08
2.61
3.81
2.53
1.01
1.46
2.81
3.86
1.02
3.08
2.15
1.66
2.46
0.97
2.56
0.45
2.55
2.97
3.19
3.15
3.16
0.78
0.27
2.22
2.12
3.0
3.38
2.93
0.51
3.57
3.34
1.23
0.8
0.13
3.59
0.5
3.14
1.59
0.83
2.8
3.73
2.08
2.09
0.82
1.36
2.09
1.86
2.77
2.29
0.18
3.2
3.07
2.67
0.48
2.66
3.4
1.34
2.6
2.13
3.68
0.99
2.59
3.51
0.31
0.18
3.42
0.43
0.51
2.09
2.65
1.4
3.51
2.31
2.96
1.62
3.78
3.15
2.51
1.06
0.56
3.67
1.62
3.66
1.44
1.05
3.25
1.8
3.85
1.39
2.53
2.05
2.54
2.4
3.11
1.67
2.38
2.02
2.79
0.63
0.22
2.92
3.02
1.27
0.54
0.77
3.84
2.07
2.83
1.96
0.35
1.64
1.21
1.52
1.42
0.73
3.25
3.29
3.85
1.75
0.97
2.14
3.87
1.66
3.17
0.18
2.37
2.94
0.6
0.77
2.16
1.87
1.3
1.99
1.72
2.19
1.07
2.2
3.85
1.36
2.96
1.26
0.26
1.25
3.21
3.42
0.93
3.8
0.63
2.57
3.6
0.61
1.14
2.18
0.16
1.48
2.04
3.82
3.84
1.58
2.63
3.84
2.42
1.02
1.79
0.61
3.99
3.89
3.01
2.47
1.26
1.27
0.88
0.53
2.64
2.19
1.89
0.93
1.99
2.91
1.05
3.93
3.48
0.84
0.52
3.77
1.21
0.23
3.8
0.32
2.04
3.7
0.65
2.11
1.73
0.15
3.54
0.38
1.32
1.35
3.91
1.61
1.03
1.75
3.78
2.68
2.18
2.52
2.07
2.2
2.64
3.01
1.9
1.31
1.19
2.77
1.73
3.65
0.15
0.21
3.44
2.94
0.48
2.15
1.58
2.5
1.44
3.58
1.79
1.47
2.75
1.73
1.03
2.52
1.79
1.78
0.46
1.24
3.54
0.56
3.77
2.23
1.07
1.53
1.04
3.61
1.65
1.6
1.87
0.2
2.45
3.21
3.96
2.23
3.87
3.46
3.43
0.54
0.18
2.93
3.06
2.85
0.54
2.29
3.65
3.55
0.15
1.14
3.03
0.5
3.06
1.67
3.85
2.09
0.59
2.0
0.24
3.44
1.8
1.85
2.57
1.11
1.14
1.43
3.56
2.49
1.24
2.11
3.49
3.5
2.57
3.54
0.88
3.55
2.32
0.29
2.64
3.0
3.68
2.09
3.69
0.76
0.67
1.63
1.33
0.44
0.97
1.4
0.27
1.77
0.97
3.07
3.01
0.25
1.52
3.05
1.19
2.4
0.4
1.02
0.54
0.29
0.62
3.47
3.61
2.15
3.95
1.14
1.96
3.97
3.1
3.43
1.52
1.13
3.93
1.23
3.1
2.78
1.42
0.7
2.34
1.32
1.39
0.81
3.64
0.55
1.69
3.95
0.4
2.87
2.97
3.08
0.98
1.34
2.49
1.99
0.5
0.48
0.12
0.47
3.19
1.74
3.07
0.11
1.39
2.77
0.61
0.68
0.41
3.9
0.91
3.58
0.79
2.18
1.73
0.88
1.72
2.0
1.54
0.34
2.39
2.38
2.52
3.36
2.03
1.31
0.94
3.1
0.83
0.88
0.42
0.6
0.22
0.81
1.58
2.37
2.56
1.47
1.5
2.66
3.0
0.24
1.74
0.51
2.7
3.84
2.67
3.29
1.32
3.57
2.84
3.24
1.86
0.55
0.44
0.24
2.61
0.66
1.32
3.61
3.56
3.23
2.25
1.05
0.43
1.47
2.59
0.99
2.51
0.33
0.68
2.52
0.64
1.93
2.27
2.51
1.18
2.84
0.58
3.64
3.49
0.96
2.46
3.85
2.1
0.3
3.16
2.46
0.91
0.4
2.64
2.1
2.34
1.42
3.23
3.5
3.03
1.75
0.41
2.17
0.22
1.11
1.89
1.13
0.16
3.73
2.82
2.15
2.21
3.69
3.61
1.64
0.72
1.39
2.67
3.68
3.2
2.12
2.27
3.22
1.57
2.77
0.3
1.9
2.16
1.84
1.38
3.32
3.09
2.35
3.92
3.2
3.47
0.78
3.72
1.77
0.74
1.19
3.64
0.97
1.58
0.52
2.45
0.84
2.06
3.94
2.99
3.37
1.79
0.86
0.43
3.0
2.79
2.15
2.44
3.03
1.62
2.82
2.45
0.89
0.64
1.1
0.24
0.71
1.53
0.42
1.46
0.97
2.59
2.82
3.89
2.46
3.06
3.52
0.95
2.13
0.74
1.36
2.95
3.47
3.89
2.75
2.82
1.75
2.02
0.29
2.94
0.35
3.31
3.37
1.12
3.18
0.28
2.35
0.12
0.29
2.3
3.27
0.21
2.74
3.2
3.47
0.26
1.84
1.67
1.71
1.25
1.75
2.87
2.57
1.55
2.6
2.78
1.48
3.97
2.6
0.32
2.77
0.44
1.14
0.86
4.0
1.98
3.46
1.29
2.85
3.06
1.94
2.63
0.86
3.78
3.94
1.61
2.54
2.33
0.62
2.5
3.91
3.17
2.03
1.84
1.69
0.95
3.96
2.45
1.62
0.4
3.77
0.23
1.7
0.57
1.85
3.08
0.34
2.74
2.58
1.49
0.8
0.14
1.67
3.0
1.52
0.98
0.84
2.15
1.96
3.45
2.14
1.25
0.5
1.3
2.35
0.7
2.06
0.6
3.04
2.6
0.13
1.04
1.63
1.87
3.83
1.55
2.97
3.11
3.85
1.39
0.19
3.4
1.63
2.11
1.34
1.13
0.82
3.04
0.99
2.95
3.78
1.67
1.41
2.52
2.32
2.14
2.32
3.65
0.58
1.53
1.55
3.75
3.57
0.42
3.4
2.52
1.63
1.38
0.39
2.95
0.26
2.43
2.01
0.23
3.82
2.7
2.41
1.94
3.73
3.89
3.11
3.04
2.03
0.35
1.9
3.61
1.79
1.29
1.0
1.42
3.32
3.17
1.06
2.97
1.01
0.44
1.23
0.59
3.1
1.69
1.13
3.59
3.1
1.92
3.29
0.1
1.25
3.76
0.19
2.02
0.84
2.05
0.91
2.41
0.1
2.04
3.39
3.88
3.02
2.74
3.02
2.59
1.17
2.14
2.85
2.73
3.75
1.67
1.03
0.86
2.65
1.61
0.87
1.86
1.55
3.06
3.83
0.82
2.53
1.32
3.04
3.04
1.33
1.23
0.97
0.67
1.8
3.7
2.26
1.68
1.41
3.51
0.4
1.85
3.4
0.49
2.75
3.33
2.78
0.82
3.57
3.85
2.21
3.19
2.97
3.09
3.27
2.23
2.75
3.54
2.14
3.87
3.39
2.96
4.0
2.27
3.19
0.33
2.33
1.35
3.05
2.23
1.86
0.33
3.44
2.71
3.54
1.87
3.06
3.7
1.56
3.46
2.97
3.84
3.13
1.53
3.98
2.19
0.58
2.52
0.95
0.97
3.92
1.61
3.14
3.55
2.25
1.2
3.97
1.9
3.93
1.73
3.44
0.97
1.64
2.51
3.26
3.82
3.68
1.13
2.3
3.34
2.88
3.86
3.7
1.65
2.77
3.98
0.15
3.53
2.91
1.39
2.61
1.29
1.36
2.61
0.53
3.6
3.37
1.73
1.32
0.2
3.24
1.76
2.68
3.71
2.33
2.43
0.5
0.36
1.83
3.78
0.86
0.55
3.46
0.35
0.95
3.0
3.61
1.22
3.0
0.87
1.5
1.12
1.44
3.6
3.67
1.68
3.89
2.19
0.82
0.62
3.61
0.96
0.24
3.87
0.7
3.15
1.43
0.21
2.71
1.7
1.26
1.0
0.77
2.51
1.59
0.26
1.34
3.92
1.16
2.15
1.44
1.45
1.51
0.5
3.44
2.55
0.44
2.56
2.75
2.07
1.66
3.32
0.78
2.83
2.5
0.67
3.28
0.59
3.39
1.85
0.96
3.57
2.61
2.25
0.92
3.96
0.27
3.62
3.46
0.34
2.25
1.41
2.96
1.85
1.61
3.07
0.71
0.35
2.14
0.68
0.27
3.01
1.3
1.98
3.59
2.39
0.6
2.5
3.31
3.25
1.05
1.1
1.57
0.26
1.73
1.12
2.11
2.9
0.82
3.32
3.24
2.88
2.51
3.09
2.13
3.21
2.45
2.41
1.92
2.31
1.56
3.76
1.92
2.95
2.5
2.22
3.75
2.63
2.59
2.55
3.42
3.07
2.24
2.58
0.38
2.04
1.04
2.05
3.35
1.73
0.86
2.54
1.25
0.93
3.2
3.13
2.14
1.84
1.05
2.57
0.51
3.64
3.75
3.18
2.21
2.92
3.19
1.11
0.48
0.2
1.46
1.69
0.54
3.37
3.72
0.23
1.41
2.21
1.0
1.81
3.87
0.96
3.38
1.9
0.25
0.1
1.97
2.87
1.55
2.96
0.67
2.69
1.81
2.61
2.87
1.1
1.8
3.14
1.02
1.09
2.72
3.81
1.06
3.58
1.14
2.31
1.35
2.04
2.83
0.85
3.81
2.33
0.63
0.24
0.14
2.18
1.44
1.02
3.14
0.76
2.14
0.88
0.43
0.48
2.26
2.86
2.21
1.19
3.28
1.46
0.64
0.83
1.79
2.59
3.26
0.7
3.54
2.62
3.01
1.02
0.37
0.78
1.11
2.65
0.43
0.8
2.32
2.83
1.34
2.7
3.03
2.32
0.45
0.28
3.04
3.3
0.46
1.1
3.49
0.55
0.12
2.25
2.36
0.91
1.06
0.86
0.91
2.45
1.07
1.22
3.82
3.95
1.71
2.35
3.82
1.45
2.38
3.92
3.73
3.05
0.63
1.9
0.3
0.39
3.94
0.37
1.82
3.86
3.27
2.23
1.83
1.84
2.67
3.05
1.0
1.99
1.42
3.47
2.4
0.7
2.64
3.55
1.14
1.2
0.83
1.94
2.24
0.48
0.68
2.46
1.51
1.88
2.39
1.99
3.74
0.39
0.58
0.26
2.16
0.75
2.71
1.8
0.8
2.19
3.12
3.75
3.53
1.61
0.86
1.86
3.45
1.06
3.93
1.99
1.88
0.5
0.89
2.87
3.67
2.67
1.01
3.22
2.42
3.17
2.37
2.94
2.11
3.71
1.16
2.59
2.75
2.18
2.12
0.55
3.98
0.67
1.27
1.47
1.98
0.93
1.63
0.96
3.37
3.17
1.38
3.61
0.6
2.55
2.82
1.35
1.05
3.8
2.28
1.64
3.03
0.41
0.22
3.81
1.09
0.67
1.7
0.99
0.64
3.37
1.54
1.52
2.6
3.55
0.44
1.09
0.77
1.67
0.82
2.62
0.37
0.11
1.16
2.86
1.4
2.33
1.61
3.97
1.39
0.78
2.67
1.65
2.16
3.53
2.06
3.7
3.41
2.24
0.79
0.43
1.56
3.0
2.54
1.11
0.18
3.09
2.02
4.0
0.39
1.09
3.64
3.71
0.59
3.46
0.23
2.24
2.51
1.54
0.18
3.17
0.98
3.63
2.7
2.84
1.85
3.55
0.75
0.12
3.32
1.14
1.83
0.89
2.37
1.14
1.99
1.0
1.31
1.33
1.7
0.3
2.61
1.79
3.29
1.44
2.59
0.85
1.24
2.13
2.08
3.27
3.3
3.31
3.9
2.02
0.61
0.72
3.02
3.64
3.0
2.08
2.62
3.89
0.35
1.93
0.25
1.04
2.93
2.55
1.45
2.7
3.89
0.84
1.64
2.46
2.74
0.41
2.43
2.79
1.59
3.65
1.14
0.62
2.74
3.98
0.71
3.65
3.74
0.2
3.13
1.08
0.51
1.45
2.66
1.14
1.61
3.19
3.29
1.49
3.24
3.27
1.01
3.81
2.41
1.8
2.91
1.64
0.76
3.18
1.62
1.01
1.6
3.85
3.37
1.54
1.7
1.6
0.76
1.49
3.56
2.85
3.78
2.56
1.11
2.63
1.2
0.95
3.74
2.24
0.67
1.14
3.18
3.43
3.71
3.76
1.81
1.53
3.64
3.55
1.55
2.23
1.02
2.27
3.76
0.24
1.98
1.65
2.33
3.03
1.21
1.28
0.78
0.31
0.7
2.13
0.88
3.75
2.2
2.65
3.43
1.1
3.15
2.49
1.82
1.41
3.81
0.6
0.75
2.04
0.97
0.81
3.46
3.22
1.28
1.62
2.06
0.55
1.7
2.28
0.25
2.61
1.24
3.15
1.07
1.13
1.47
0.95
3.46
0.79
2.93
0.26
2.23
3.99
2.98
2.65
2.86
3.18
1.84
1.1
2.41
2.21
1.11
0.49
2.78
1.42
0.22
1.48
1.57
3.17
0.58
1.21
3.1
2.12
3.92
1.99
3.64
2.05
2.8
0.59
0.83
3.55
2.72
1.26
1.8
3.08
0.15
1.34
3.47
2.07
2.32
3.93
2.54
1.12
2.84
1.28
2.87
0.83
2.77
3.85
1.34
1.05
3.14
2.63
0.4
0.61
1.62
2.86
1.0
1.64
0.78
1.68
3.22
0.52
0.65
2.26
0.73
1.24
1.76
2.86
0.26
0.98
1.5
2.46
3.09
1.78
1.34
2.7
1.5
0.63
1.78
0.93
1.24
1.78
3.75
1.15
0.99
0.17
2.49
1.48
3.65
3.71
0.46
1.13
0.68
1.98
1.98
1.43
1.28
0.95
0.26
2.92
1.89
1.98
3.72
2.9
1.8
2.58
1.37
3.44
2.76
3.77
3.94
0.14
1.18
0.35
0.31
3.48
1.72
2.9
0.24
1.7
2.17
1.29
1.4
0.22
1.47
3.57
3.19
3.8
1.54
0.6
1.91
0.26
1.19
2.71
3.13
0.12
0.87
3.6
2.66
2.59
0.68
2.46
2.18
0.7
3.44
3.92
1.44
3.29
1.0
3.37
3.45
0.99
1.98
3.5
0.68
2.39
2.75
2.11
0.55
3.38
1.75
2.21
3.95
3.0
0.81
1.52
1.28
3.34
1.17
2.16
1.37
1.53
3.12
2.23
3.71
2.56
0.48
3.98
1.42
0.73
1.21
2.9
2.46
0.93
3.93
3.7
3.95
3.5
0.26
0.3
1.73
2.53
0.26
2.02
3.51
2.57
1.54
2.46
2.39
3.24
2.53
2.93
2.22
3.9
0.58
0.81
0.19
2.25
0.33
0.66
3.49
3.83
2.17
2.73
0.79
0.41
1.04
0.69
3.91
2.0
0.49
1.53
3.91
3.1
1.82
1.98
2.96
2.08
0.69
2.22
2.52
1.45
1.04
3.74
0.42
1.15
1.03
1.98
1.7
2.28
1.28
1.5
3.74
1.03
1.05
1.66
2.43
1.26
0.11
3.71
1.55
3.51
1.6
3.77
2.4
1.47
2.39
2.94
0.82
3.56
0.66
2.19
3.63
1.27
2.43
3.64
1.76
3.01
0.31
3.5
2.63
0.72
1.52
2.39
3.07
1.31
3.98
1.2
1.23
2.58
3.54
3.28
3.4
2.01
1.65
0.29
3.4
2.18
1.42
0.38
1.46
0.23
2.94
1.96
1.06
0.68
2.82
1.81
0.41
0.72
1.67
2.51
1.73
0.38
0.78
1.73
1.37
1.68
3.72
0.27
0.47
1.67
2.38
3.87
0.55
3.19
0.45
2.89
2.84
2.63
1.93
1.17
1.01
1.9
3.49
1.71
1.93
3.52
1.86
0.91
1.63
3.49
1.93
2.51
3.12
0.72
0.65
1.92
0.17
1.19
3.67
3.35
3.81
1.25
0.48
3.38
2.75
1.5
3.82
0.58
1.64
2.74
1.92
3.1
3.87
0.82
2.35
0.12
2.85
1.63
2.75
2.62
0.56
0.86
0.88
1.99
2.73
0.95
3.76
0.45
1.58
2.25
1.18
1.3
3.2
3.92
2.98
1.48
3.52
0.41
3.37
0.97
3.31
2.7
1.99
0.59
2.66
2.32
3.63
0.81
3.02
0.6
1.58
0.68
3.38
3.93
2.48
0.69
3.37
1.23
0.46
0.16
3.0
0.28
2.44
2.6
3.98
1.9
2.09
3.97
0.73
2.26
1.97
1.68
3.87
0.95
3.38
2.03
1.3
3.07
3.16
1.39
1.85
3.85
2.17
2.3
2.27
0.8
2.65
0.5
0.92
2.74
2.24
2.94
2.96
1.83
0.13
1.39
0.6
3.54
2.69
3.7
1.34
3.36
2.66
3.15
0.4
0.51
0.35
3.98
2.37
2.77
1.63
1.07
1.46
0.39
1.55
0.23
3.69
3.24
0.95
0.68
3.12
1.61
1.18
3.21
1.31
3.37
1.03
3.65
3.41
1.79
3.17
3.39
1.02
2.38
2.0
1.17
1.53
3.07
3.29
0.55
3.06
1.37
3.36
3.72
0.73
2.95
3.23
0.44
2.76
3.58
2.5
3.24
0.89
2.17
0.62
3.15
2.33
2.78
0.29
1.46
0.61
2.74
1.44
1.94
3.9
1.04
1.22
1.68
1.7
1.99
2.37
1.96
0.11
0.95
0.59
2.53
3.32
1.51
2.69
1.16
3.22
1.5
3.61
3.93
1.24
2.1
2.71
2.92
3.37
0.9
3.37
3.41
0.54
1.05
2.28
2.29
1.18
1.69
0.3
1.19
2.07
1.95
0.25
0.23
3.75
3.53
2.48
0.95
0.25
2.87
1.77
3.75
1.23
0.46
2.31
0.96
2.45
2.07
1.67
3.18
0.93
1.74
1.36
3.95
1.24
2.12
3.28
3.35
2.3
3.07
1.05
0.45
0.63
1.84
1.31
3.11
1.99
2.01
1.29
0.5
3.97
0.92
2.62
0.36
0.83
3.09
3.23
2.96
3.41
1.04
1.88
3.44
2.43
0.76
3.14
1.93
0.33
2.58
3.1
3.0
2.46
3.88
0.94
3.19
1.15
3.62
2.62
3.82
2.54
0.48
3.52
2.52
3.16
1.86
3.1
3.93
2.23
2.5
0.22
1.36
1.62
2.4
0.58
1.94
2.59
1.28
1.2
0.14
3.32
3.31
1.04
2.59
0.48
3.47
3.17
0.46
0.92
3.81
3.86
3.28
0.56
0.21
2.01
1.95
0.39
1.7
1.67
2.04
2.01
3.36
1.55
2.22
3.92
2.29
3.93
0.39
0.37
2.59
2.66
2.19
1.62
0.95
0.54
0.16
0.17
3.83
2.22
0.74
3.22
1.57
3.35
1.12
2.45
2.04
2.7
0.8
0.13
2.54
2.94
3.66
1.99
2.22
2.14
0.14
3.13
2.65
0.55
0.94
2.21
1.08
2.79
1.01
1.61
1.73
2.2
1.72
3.62
0.39
2.7
0.51
0.28
1.58
2.84
3.65
2.87
3.62
2.81
0.11
0.78
2.09
0.86
1.89
1.56
0.9
2.96
0.47
4.0
1.36
1.83
2.91
1.77
2.27
2.8
1.54
2.12
2.57
0.84
0.85
2.95
1.12
2.78
3.35
1.42
1.17
2.1
1.83
0.93
1.38
0.93
0.45
0.9
2.83
3.16
2.9
0.64
3.67
3.04
0.61
2.32
2.93
1.68
3.76
1.93
1.6
1.0
3.05
2.1
3.42
0.63
1.43
3.52
1.64
1.57
2.46
3.56
3.1
2.18
1.56
0.34
3.73
2.39
0.93
2.05
1.07
1.3
0.62
2.63
2.84
1.54
2.23
0.38
1.09
1.09
1.27
3.35
0.47
3.09
2.33
0.91
1.19
2.59
3.96
0.97
1.2
1.22
0.12
2.34
1.46
0.34
0.41
2.75
3.6
3.82
3.25
3.98
2.92
1.81
2.98
2.31
2.38
2.53
3.37
2.38
2.01
1.89
1.89
0.66
3.29
3.78
1.26
1.72
1.58
1.76
2.76
2.52
0.49
3.38
3.3
1.39
3.08
0.81
3.47
2.53
1.06
0.97
0.81
0.76
0.99
3.7
2.79
1.62
3.57
2.74
0.35
0.17
3.38
1.64
0.81
3.48
0.92
3.46
3.44
1.14
1.23
1.28
2.61
3.26
1.72
3.31
2.57
2.81
1.0
3.83
2.88
1.29
0.85
0.18
2.86
0.39
0.26
3.44
0.67
0.86
3.97
1.99
3.42
3.66
2.07
2.0
0.88
2.96
1.26
2.19
1.68
1.78
1.49
3.7
2.47
3.98
3.83
1.64
0.37
1.59
2.32
3.29
3.19
1.54
3.45
0.88
3.97
1.52
2.37
1.19
2.2
0.64
2.76
0.37
0.3
2.11
2.29
2.55
3.44
0.37
1.82
2.16
2.98
0.21
3.94
1.79
1.39
1.93
0.25
2.84
2.74
0.33
0.34
1.89
3.07
0.53
3.02
3.64
2.85
1.52
1.18
2.04
0.39
3.71
1.17
2.18
1.54
2.27
2.49
0.55
2.14
3.07
2.29
3.12
0.14
2.46
3.07
1.33
0.6
1.69
3.04
3.36
3.15
3.01
0.62
3.96
2.56
3.99
0.98
1.5
0.26
3.64
1.21
3.15
3.22
1.12
1.47
3.2
3.57
0.72
2.6
2.86
1.72
2.49
1.71
0.5
1.85
3.37
3.26
0.85
3.96
3.64
2.19
4.0
2.5
3.02
1.95
3.56
3.22
0.28
1.89
2.09
0.56
0.47
0.66
1.92
0.68
1.95
3.37
3.19
3.36
3.93
2.93
3.97
2.26
3.86
0.3
1.36
2.88
2.4
1.9
2.43
1.14
1.17
2.39
3.27
1.49
0.8
0.81
0.43
1.28
2.54
1.66
1.76
0.36
2.53
1.23
2.7
0.82
2.89
1.7
2.69
3.93
0.8
3.32
0.62
1.97
2.5
3.91
3.65
1.32
2.75
1.65
3.2
1.18
3.8
0.24
3.82
3.03
0.22
0.72
1.75
1.2
2.63
0.77
2.89
0.5
3.03
3.84
0.28
0.31
3.93
3.11
1.04
1.68
2.98
2.54
3.38
1.61
0.28
0.56
3.54
0.33
2.07
0.33
0.47
3.61
2.0
3.63
3.37
2.2
2.61
2.79
2.56
1.38
3.95
0.18
1.48
3.3
0.75
2.05
2.52
2.2
2.53
3.26
1.09
3.6
0.7
2.32
2.13
3.52
0.92
2.66
2.26
2.41
1.06
0.31
0.31
3.85
0.99
1.52
1.89
0.81
1.86
0.27
0.1
0.43
1.74
3.65
0.76
3.09
2.77
3.14
1.7
0.66
1.38
2.49
2.71
1.85
1.81
0.18
3.76
2.52
2.86
3.49
0.17
2.48
0.46
3.16
0.46
2.52
3.7
3.11
2.43
3.4
0.26
2.35
3.32
1.35
2.7
2.69
3.98
1.73
0.36
0.78
2.8
2.94
2.0
2.74
0.6
1.11
2.33
3.36
3.47
3.45
0.41
3.48
2.83
0.54
2.05
2.52
2.65
2.08
2.14
2.28
0.67
1.06
2.0
1.29
1.85
1.29
2.67
0.81
0.62
0.33
1.01
3.89
0.16
2.75
1.41
2.98
3.26
1.76
2.79
3.39
3.96
0.72
3.42
3.92
2.48
2.04
2.3
1.05
0.8
2.07
2.29
0.89
0.35
2.38
2.83
0.78
1.53
1.72
3.57
1.38
1.45
1.3
3.44
2.63
1.81
2.96
2.55
3.0
2.42
2.74
0.88
2.41
3.46
2.77
0.5
3.09
1.23
2.25
2.77
1.11
3.09
0.59
0.63
3.25
0.38
0.12
0.88
1.32
1.34
3.88
1.83
0.11
1.64
3.68
0.21
3.45
3.88
3.03
0.1
2.92
2.34
1.56
0.53
2.01
2.14
0.86
2.81
2.0
0.68
1.09
1.5
0.84
0.67
3.71
0.13
2.07
1.7
2.95
0.25
3.52
3.18
3.53
0.28
0.2
1.33
1.07
1.54
0.49
0.44
1.46
1.96
3.11
1.36
3.4
3.01
0.75
1.18
3.51
1.79
1.64
3.61
2.43
1.75
1.46
0.24
2.09
2.17
2.92
1.9
0.21
1.17
0.7
3.58
3.25
3.73
2.86
2.29
0.5
0.91
1.76
3.63
1.1
0.63
1.58
0.7
3.95
1.37
3.67
3.68
0.7
2.78
2.17
0.93
1.56
2.72
0.98
3.02
2.76
3.9
3.92
0.49
2.72
0.43
2.2
2.59
4.0
1.84
0.14
1.73
2.72
0.21
3.73
2.61
0.87
3.3
2.76
1.38
3.06
3.47
3.33
3.41
3.78
0.86
2.34
1.02
2.38
1.88
2.79
2.14
1.37
2.17
3.93
0.94
3.99
2.53
1.3
2.75
1.26
3.05
3.21
3.19
3.34
3.74
3.81
2.19
2.77
2.3
2.22
2.16
0.25
3.07
2.03
3.26
3.3
3.21
1.96
3.48
2.95
3.8
2.44
0.73
0.31
2.33
1.86
0.4
1.63
1.89
0.1
3.45
1.44
0.67
3.01
3.47
3.26
3.71
2.38
2.26
2.01
2.83
0.42
0.41
2.51
3.59
0.37
1.08
3.87
1.77
2.84
3.1
0.23
3.03
2.33
3.23
2.58
1.88
2.56
3.57
2.94
1.19
2.68
1.7
0.36
1.0
0.85
1.05
0.19
0.21
3.24
2.06
0.12
1.62
1.82
2.47
3.02
1.94
1.26
2.49
2.17
0.72
0.41
2.01
1.48
0.64
3.11
0.43
1.2
2.47
1.58
2.36
1.45
1.91
3.2
3.43
2.27
0.74
3.23
1.95
2.74
2.68
1.41
2.88
3.59
0.59
2.48
2.11
2.59
2.73
3.95
0.19
3.87
0.33
3.89
0.35
0.51
0.57
3.66
0.38
3.54
2.31
2.85
3.0
2.99
3.68
1.97
1.74
2.46
2.95
2.2
2.78
2.5
0.28
0.76
0.86
1.21
2.07
0.63
3.39
0.35
0.62
3.14
3.43
2.52
1.69
1.69
3.32
2.44
1.31
2.07
2.73
0.28
1.72
2.06
2.63
0.96
2.34
2.35
2.66
0.81
2.37
3.3
3.11
3.22
0.43
2.43
0.23
3.7
1.67
0.27
2.54
2.88
0.38
2.37
0.72
1.99
0.54
1.78
1.33
3.3
1.34
3.41
0.57
1.32
2.63
2.33
0.45
0.37
2.53
1.36
0.47
0.22
1.0
3.58
3.64
0.97
0.26
3.23
2.57
0.65
2.82
3.63
3.55
1.03
3.06
2.59
0.63
2.71
3.57
1.33
3.46
1.83
0.51
3.6
1.5
2.65
1.27
2.99
3.51
1.68
1.6
3.79
2.68
0.35
0.83
3.65
1.56
0.46
3.44
1.16
2.38
2.81
2.3
2.26
3.31
0.73
1.75
0.8
3.28
1.75
3.93
2.86
1.18
0.37
0.24
3.66
3.28
0.32
3.99
0.63
0.68
2.64
0.59
2.87
1.0
3.41
1.25
2.19
3.29
0.57
3.29
0.42
0.82
1.89
2.59
1.66
1.45
2.1
1.45
1.75
2.68
2.37
2.7
1.99
0.96
2.53
3.38
3.63
0.68
1.99
1.64
1.45
2.97
2.55
0.69
3.85
3.75
1.33
2.42
2.89
0.54
3.13
2.42
3.43
3.43
2.57
2.88
0.62
2.76
2.23
1.05
1.65
2.11
2.79
2.62
3.84
1.7
0.17
2.83
3.92
0.47
1.86
3.59
2.95
0.16
3.74
1.43
0.66
3.96
1.86
1.99
2.93
1.93
0.53
1.23
2.15
1.21
0.31
0.15
0.27
1.12
0.34
3.95
3.83
2.33
3.36
3.66
1.4
3.82
0.24
2.17
1.74
3.88
3.55
3.04
0.54
2.92
2.89
3.65
1.31
0.18
2.96
3.85
0.6
2.28
1.01
3.0
2.78
1.15
1.14
2.3
2.66
1.64
0.67
0.73
2.79
3.22
3.09
2.37
1.4
0.53
3.43
0.69
1.59
2.91
2.16
3.83
1.1
1.4
3.67
0.85
1.02
3.17
0.41
2.34
0.93
3.28
0.73
3.72
0.27
1.06
0.37
3.07
1.67
0.56
3.17
2.05
2.4
1.73
3.94
2.35
2.19
0.21
1.19
0.29
3.43
0.29
0.27
1.15
3.89
3.93
0.94
2.03
3.43
1.88
2.79
1.04
1.15
2.39
2.57
3.94
2.02
3.06
3.99
1.31
1.69
0.13
1.51
1.67
3.26
3.52
0.19
1.04
0.73
3.21
1.12
2.32
1.57
2.2
3.0
3.33
0.79
2.6
2.08
0.87
2.65
3.17
0.49
3.65
2.83
1.37
0.94
2.46
3.99
1.18
1.58
3.18
0.33
1.99
0.48
0.63
2.22
0.26
0.4
1.72
0.13
1.26
0.81
2.38
3.16
2.61
3.85
3.48
2.29
1.8
1.69
1.36
3.77
0.35
3.51
1.26
3.13
3.3
1.93
3.8
0.82
3.57
2.42
2.94
2.71
3.12
0.41
1.85
1.11
2.96
3.25
2.75
1.43
1.7
2.16
0.64
3.46
0.88
3.58
3.88
0.29
2.99
2.9
1.1
2.26
2.61
1.09
0.51
3.16
1.71
1.8
0.23
3.56
0.24
2.21
0.33
1.62
2.02
3.55
0.39
2.02
0.62
1.07
2.57
0.63
2.29
3.13
0.23
0.48
1.34
1.39
0.43
3.8
3.03
1.36
2.61
3.98
2.0
2.44
3.58
0.43
3.36
0.48
2.35
2.27
2.14
0.2
0.68
2.51
2.13
1.07
1.52
0.38
3.72
0.77
1.69
2.35
3.36
0.69
2.94
0.28
3.51
1.02
3.21
1.23
1.23
0.22
3.0
0.14
2.66
0.92
0.44
1.11
3.46
3.91
1.03
3.67
1.69
3.49
0.72
2.47
3.24
1.75
0.51
3.85
2.91
2.89
1.08
1.1
1.2
2.87
2.17
2.5
0.99
1.8
2.28
3.14
2.06
1.95
0.66
1.95
1.35
1.78
3.05
3.69
3.43
1.19
1.8
2.56
1.18
2.95
3.97
1.37
2.89
1.04
1.29
1.83
3.37
3.4
3.89
1.42
0.99
3.17
2.77
0.95
3.29
1.61
0.75
1.67
3.13
1.38
0.79
3.07
1.45
2.09
1.36
3.27
3.23
3.6
3.0
1.88
3.81
3.16
2.09
2.65
2.56
1.26
2.14
1.45
2.75
2.14
1.31
3.58
0.55
2.52
0.86
3.89
0.37
0.31
1.09
3.54
2.54
1.17
2.7
3.34
2.54
1.44
3.55
0.19
2.1
2.22
1.05
2.22
1.26
1.8
2.26
2.88
2.69
2.59
1.8
3.45
3.45
1.34
1.13
1.15
1.01
3.52
0.23
1.83
2.98
3.17
0.59
1.14
0.98
1.21
3.0
3.32
1.68
3.24
1.69
0.54
3.85
1.39
2.27
0.33
0.3
3.54
0.32
0.28
2.77
3.54
1.27
1.66
1.23
1.94
0.98
0.85
2.17
2.09
0.93
0.8
3.58
0.72
1.36
0.13
2.79
3.4
1.36
2.34
3.11
0.43
3.92
3.35
1.61
0.81
3.36
2.12
0.21
1.43
1.11
0.82
3.07
2.19
2.33
1.3
1.86
1.41
2.44
2.48
3.14
3.02
3.77
0.23
3.76
0.24
3.59
0.62
0.14
0.92
1.35
2.58
1.63
1.52
1.36
0.27
3.72
3.27
3.1
0.5
2.38
3.51
3.31
1.95
3.34
2.79
3.4
3.13
0.17
3.22
1.87
0.24
1.9
2.08
2.35
1.55
1.78
1.78
3.23
1.44
3.5
3.76
1.66
3.59
0.6
3.81
2.2
1.58
2.51
1.83
2.37
1.27
2.55
2.1
3.4
0.66
0.56
2.65
1.17
1.02
3.64
0.98
3.43
3.31
0.25
2.54
2.25
3.61
0.68
3.53
0.16
2.18
0.79
0.5
2.29
0.81
3.91
3.2
1.06
2.32
0.42
3.88
0.62
1.31
1.5
0.77
1.02
2.47
3.58
0.28
0.39
3.14
2.91
2.58
0.43
2.04
1.81
1.12
2.02
0.65
4.0
3.74
2.01
0.1
0.89
3.77
0.26
0.7
2.42
3.76
2.44
1.09
1.64
1.94
1.47
3.9
2.64
3.87
2.91
3.54
1.55
3.04
2.65
0.28
2.43
1.02
0.58
2.51
3.51
3.34
1.94
3.85
1.19
0.69
0.96
2.72
2.64
0.82
1.48
3.25
2.72
0.56
1.11
3.8
3.03
2.43
0.61
0.97
2.82
0.9
3.77
3.87
2.18
0.99
1.31
1.9
2.3
2.31
3.15
2.06
3.04
0.73
1.88
2.62
1.5
3.44
1.61
2.46
3.27
2.73
0.45
2.85
3.07
0.36
3.49
0.63
3.67
0.21
2.49
1.5
2.48
0.16
1.38
0.52
1.96
3.75
0.39
2.42
1.58
3.6
1.41
2.61
2.6
1.56
2.0
1.13
0.14
3.33
1.78
2.77
3.6
3.88
1.04
The average GPA is 2.255834999999998